1 2 1 136
1 2 1 170
1 2 1 186
1 2 1 582
1 2 1 590
1 2 1 594
1 2 1 769
1 2 1 777
1 2 1 1645
1 10 1 526
1 10 1 565
1 10 1 571
1 10 1 590
1 10 1 594
1 10 1 742
1 10 1 746
1 10 1 754
1 10 1 762
1 10 1 769
1 10 1 777
1 21 1 136
1 21 1 186
1 21 1 594
1 21 1 605
1 21 1 613
1 21 1 769
1 21 1 777
1 21 1 796
1 21 1 1645
1 29 1 613
1 29 1 633
1 29 1 644
1 29 1 711
1 29 1 762
1 29 1 777
1 29 1 789
1 29 1 796
1 29 1 1408
1 37 1 82
1 37 1 102
1 37 1 111
1 37 1 136
1 37 1 605
1 37 1 613
1 37 1 621
1 37 1 629
1 37 1 633
1 37 1 644
1 37 1 796
1 37 1 813
1 45 1 73
1 45 1 82
1 45 1 644
1 45 1 789
1 45 1 796
1 45 1 804
1 45 1 813
1 45 1 1318
1 45 1 1357
1 45 1 1376
1 45 1 1384
1 45 1 1408
1 45 1 1491
1 53 1 73
1 53 1 82
1 53 1 804
1 53 1 813
1 53 1 1318
1 53 1 1357
1 57 1 82
1 57 1 813
1 57 1 832
1 57 1 846
1 57 1 871
1 57 1 1294
1 57 1 1318
1 57 1 1330
1 62 1 871
1 62 1 905
1 62 1 1256
1 62 1 1283
1 62 1 1294
1 62 1 1318
1 69 1 832
1 69 1 871
1 69 1 894
1 69 1 905
1 69 1 924
1 73 1 813
1 73 1 832
1 73 1 871
1 73 1 894
1 73 1 1532
1 78 1 102
1 78 1 111
1 78 1 813
1 82 1 111
1 82 1 201
1 82 1 621
1 82 1 629
1 82 1 651
1 82 1 813
1 91 1 116
1 91 1 201
1 91 1 621
1 91 1 981
1 95 1 125
1 95 1 996
1 95 1 1052
1 95 1 1559
1 102 1 136
1 102 1 605
1 102 1 813
1 102 1 1552
1 102 1 1559
1 102 1 1580
1 102 1 1587
1 102 1 1611
1 111 1 144
1 111 1 186
1 111 1 201
1 111 1 605
1 111 1 621
1 116 1 152
1 116 1 201
1 116 1 981
1 116 1 985
1 116 1 996
1 125 1 161
1 125 1 170
1 125 1 1587
1 125 1 1611
1 125 1 1619
1 125 1 1645
1 136 1 170
1 136 1 182
1 136 1 186
1 136 1 605
1 136 1 796
1 136 1 813
1 136 1 1611
1 136 1 1645
1 144 1 182
1 144 1 186
1 144 1 194
1 144 1 201
1 144 1 605
1 152 1 1587
1 161 1 1587
1 161 1 1619
1 161 1 1653
1 170 1 1611
1 170 1 1619
1 170 1 1645
1 170 1 1653
1 186 1 582
1 186 1 590
1 186 1 594
1 186 1 605
1 194 1 515
1 194 1 557
1 194 1 565
1 194 1 582
1 194 1 590
1 194 1 594
1 194 1 605
1 201 1 235
1 201 1 515
1 201 1 605
1 201 1 621
1 201 1 975
1 201 1 981
1 210 1 243
1 210 1 490
1 210 1 515
1 210 1 526
1 210 1 557
1 210 1 565
1 210 1 594
1 210 1 605
1 210 1 613
1 210 1 621
1 210 1 633
1 218 1 243
1 218 1 259
1 218 1 621
1 224 1 251
1 224 1 462
1 224 1 482
1 224 1 490
1 224 1 621
1 224 1 629
1 224 1 633
1 224 1 651
1 231 1 259
1 231 1 270
1 231 1 381
1 231 1 621
1 231 1 629
1 231 1 651
1 235 1 270
1 235 1 287
1 235 1 621
1 235 1 963
1 235 1 975
1 235 1 981
1 243 1 275
1 243 1 321
1 243 1 482
1 243 1 490
1 243 1 515
1 251 1 280
1 251 1 321
1 251 1 329
1 251 1 351
1 251 1 381
1 251 1 423
1 251 1 454
1 251 1 462
1 251 1 482
1 259 1 287
1 259 1 381
1 259 1 1186
1 259 1 1197
1 259 1 1206
1 270 1 296
1 270 1 306
1 275 1 302
1 275 1 306
1 275 1 321
1 275 1 329
1 275 1 333
1 275 1 482
1 280 1 329
1 280 1 333
1 280 1 351
1 280 1 356
1 280 1 381
1 287 1 963
1 302 1 333
1 306 1 333
1 306 1 342
1 312 1 342
1 312 1 454
1 321 1 454
1 321 1 477
1 321 1 482
1 321 1 506
1 329 1 356
1 329 1 381
1 329 1 454
1 329 1 482
1 342 1 373
1 342 1 454
1 351 1 381
1 351 1 389
1 351 1 423
1 351 1 454
1 356 1 389
1 365 1 397
1 373 1 402
1 373 1 406
1 373 1 415
1 373 1 423
1 373 1 430
1 373 1 454
1 381 1 406
1 381 1 423
1 381 1 1206
1 381 1 1249
1 381 1 1283
1 389 1 1197
1 389 1 1206
1 389 1 1222
1 389 1 1249
1 397 1 1240
1 397 1 1249
1 397 1 1274
1 402 1 1206
1 402 1 1249
1 402 1 1274
1 402 1 1283
1 402 1 1309
1 406 1 1309
1 415 1 651
1 415 1 662
1 415 1 1309
1 415 1 1349
1 415 1 1357
1 423 1 454
1 423 1 462
1 423 1 684
1 430 1 462
1 430 1 469
1 437 1 469
1 437 1 633
1 437 1 662
1 437 1 677
1 437 1 684
1 445 1 477
1 454 1 482
1 462 1 490
1 462 1 497
1 462 1 629
1 462 1 633
1 462 1 684
1 469 1 497
1 469 1 633
1 469 1 677
1 469 1 684
1 469 1 706
1 477 1 506
1 482 1 515
1 490 1 526
1 490 1 613
1 490 1 633
1 490 1 746
1 497 1 534
1 497 1 706
1 497 1 737
1 497 1 746
1 506 1 539
1 515 1 557
1 515 1 565
1 526 1 557
1 526 1 565
1 526 1 594
1 526 1 613
1 526 1 746
1 539 1 571
1 548 1 582
1 557 1 590
1 557 1 594
1 565 1 594
1 594 1 711
1 594 1 746
1 594 1 754
1 594 1 762
1 613 1 644
1 613 1 711
1 613 1 746
1 613 1 762
1 629 1 684
1 633 1 684
1 633 1 706
1 633 1 711
1 644 1 684
1 644 1 693
1 644 1 711
1 644 1 1357
1 644 1 1376
1 644 1 1408
1 651 1 684
1 651 1 693
1 651 1 1283
1 651 1 1318
1 651 1 1349
1 651 1 1357
1 651 1 1376
1 662 1 693
1 662 1 1349
1 662 1 1357
1 662 1 1376
1 669 1 698
1 669 1 706
1 669 1 1349
1 669 1 1369
1 669 1 1376
1 669 1 1396
1 677 1 706
1 677 1 1349
1 684 1 711
1 693 1 719
1 693 1 1376
1 693 1 1396
1 693 1 1408
1 698 1 728
1 698 1 737
1 698 1 1396
1 706 1 737
1 706 1 746
1 711 1 742
1 711 1 746
1 711 1 754
1 711 1 762
1 711 1 1408
1 719 1 746
1 719 1 1396
1 719 1 1435
1 719 1 1467
1 754 1 1467
1 762 1 1408
1 762 1 1467
1 762 1 1475
1 769 1 1467
1 769 1 1475
1 769 1 1482
1 777 1 1475
1 777 1 1482
1 777 1 1503
1 777 1 1637
1 777 1 1645
1 789 1 1408
1 789 1 1475
1 789 1 1482
1 789 1 1491
1 789 1 1503
1 796 1 1503
1 796 1 1517
1 796 1 1611
1 796 1 1637
1 796 1 1645
1 804 1 1318
1 804 1 1384
1 804 1 1420
1 804 1 1491
1 804 1 1503
1 804 1 1508
1 804 1 1517
1 813 1 1318
1 813 1 1517
1 813 1 1532
1 813 1 1580
1 813 1 1611
1 824 1 1508
1 824 1 1517
1 824 1 1524
1 824 1 1532
1 824 1 1536
1 832 1 863
1 832 1 871
1 832 1 894
1 832 1 1532
1 832 1 1536
1 839 1 871
1 839 1 1536
1 846 1 879
1 846 1 1294
1 846 1 1318
1 846 1 1330
1 854 1 886
1 863 1 894
1 863 1 1532
1 863 1 1536
1 871 1 905
1 871 1 1256
1 871 1 1294
1 879 1 913
1 879 1 1231
1 879 1 1256
1 879 1 1263
1 886 1 920
1 886 1 1015
1 886 1 1032
1 886 1 1041
1 894 1 924
1 894 1 1015
1 894 1 1041
1 894 1 1532
1 894 1 1536
1 894 1 1543
1 905 1 935
1 905 1 1206
1 905 1 1214
1 905 1 1222
1 905 1 1256
1 905 1 1283
1 913 1 1015
1 913 1 1025
1 913 1 1179
1 913 1 1214
1 913 1 1222
1 913 1 1231
1 920 1 1003
1 920 1 1015
1 920 1 1025
1 920 1 1032
1 924 1 996
1 924 1 1003
1 924 1 1015
1 924 1 1172
1 924 1 1179
1 924 1 1186
1 924 1 1206
1 924 1 1214
1 924 1 1283
1 935 1 985
1 935 1 996
1 935 1 1003
1 935 1 1015
1 935 1 1025
1 935 1 1164
1 935 1 1172
1 935 1 1179
1 946 1 981
1 946 1 985
1 946 1 996
1 946 1 1003
1 946 1 1155
1 946 1 1164
1 946 1 1172
1 946 1 1179
1 946 1 1186
1 946 1 1214
1 953 1 981
1 953 1 985
1 953 1 1003
1 953 1 1112
1 953 1 1135
1 953 1 1146
1 953 1 1155
1 953 1 1164
1 963 1 1155
1 963 1 1172
1 968 1 1146
1 975 1 1112
1 985 1 1112
1 985 1 1120
1 985 1 1128
1 985 1 1135
1 985 1 1164
1 996 1 1052
1 1003 1 1052
1 1003 1 1060
1 1003 1 1067
1 1003 1 1103
1 1003 1 1112
1 1003 1 1120
1 1003 1 1128
1 1003 1 1164
1 1015 1 1052
1 1015 1 1060
1 1015 1 1067
1 1025 1 1060
1 1025 1 1067
1 1041 1 1559
1 1052 1 1559
1 1060 1 1120
1 1067 1 1099
1 1067 1 1103
1 1067 1 1120
1 1067 1 1164
1 1074 1 1120
1 1083 1 1120
1 1083 1 1164
1 1090 1 1155
1 1099 1 1146
1 1099 1 1155
1 1099 1 1164
1 1103 1 1142
1 1103 1 1146
1 1103 1 1155
1 1103 1 1164
1 1112 1 1142
1 1112 1 1146
1 1112 1 1155
1 1112 1 1164
1 1179 1 1214
1 1186 1 1222
1 1186 1 1283
1 1197 1 1249
1 1206 1 1249
1 1206 1 1256
1 1206 1 1283
1 1214 1 1256
1 1214 1 1283
1 1222 1 1256
1 1222 1 1283
1 1231 1 1263
1 1240 1 1274
1 1249 1 1283
1 1256 1 1294
1 1263 1 1302
1 1274 1 1309
1 1283 1 1318
1 1294 1 1330
1 1302 1 1340
1 1309 1 1349
1 1309 1 1357
1 1318 1 1357
1 1318 1 1364
1 1318 1 1369
1 1318 1 1384
1 1330 1 1364
1 1330 1 1369
1 1340 1 1369
1 1349 1 1376
1 1357 1 1384
1 1364 1 1392
1 1369 1 1396
1 1376 1 1408
1 1376 1 1420
1 1376 1 1491
1 1384 1 1420
1 1384 1 1491
1 1392 1 1426
1 1396 1 1435
1 1408 1 1444
1 1408 1 1475
1 1408 1 1491
1 1420 1 1449
1 1420 1 1491
1 1426 1 1458
1 1426 1 1467
1 1435 1 1463
1 1435 1 1467
1 1435 1 1475
1 1444 1 1467
1 1444 1 1475
1 1444 1 1482
1 1444 1 1491
1 1503 1 1637
1 1508 1 1637
1 1517 1 1580
1 1517 1 1603
1 1517 1 1611
1 1517 1 1637
1 1524 1 1580
1 1524 1 1603
1 1532 1 1580
1 1543 1 1571
1 1543 1 1580
1 1543 1 1603
1 1552 1 1580
1 1559 1 1587
1 1566 1 1598
1 1571 1 1603
1 1571 1 1628
1 1580 1 1611
1 1587 1 1619
1 1598 1 1628
1 1603 1 1637
1 1611 1 1645
1 1611 1 1653
1 1619 1 1653
