9.601395726203918457e-01
6.796061396598815918e-01
7.513744831085205078e-01
6.147380471229553223e-01
4.453412294387817383e-01
6.392193436622619629e-01
6.534044146537780762e-01
8.123070597648620605e-01
8.857277631759643555e-01
1.010116696357727051e+00
1.026392817497253418e+00
9.201754331588745117e-01
1.024855136871337891e+00
8.128230571746826172e-01
4.740540981292724609e-01
4.971386492252349854e-01
1.282373428344726562e+00
9.471328258514404297e-01
7.778655886650085449e-01
4.882738888263702393e-01
5.170912146568298340e-01
6.347054243087768555e-01
9.155443906784057617e-01
1.050618171691894531e+00
9.639102816581726074e-01
6.329192519187927246e-01
4.974295198917388916e-01
6.215602159500122070e-01
5.968505740165710449e-01
4.606066048145294189e-01
7.300891876220703125e-01
9.552663564682006836e-01
4.796194434165954590e-01
7.093314528465270996e-01
6.997961401939392090e-01
7.996178269386291504e-01
1.159144878387451172e+00
7.087482810020446777e-01
6.155996322631835938e-01
4.698762595653533936e-01
6.285145878791809082e-01
1.044499635696411133e+00
7.428755760192871094e-01
9.699097275733947754e-01
8.801481127738952637e-01
1.039695143699645996e+00
7.017998099327087402e-01
6.223154664039611816e-01
5.026350021362304688e-01
5.870752334594726562e-01
7.800503969192504883e-01
9.413750767707824707e-01
5.079268217086791992e-01
7.278435826301574707e-01
9.893847703933715820e-01
7.473796606063842773e-01
5.268775820732116699e-01
7.623217701911926270e-01
8.694782257080078125e-01
7.262565493583679199e-01
5.951285958290100098e-01
4.601120352745056152e-01
5.961452126502990723e-01
1.093582630157470703e+00
9.071788787841796875e-01
1.005572676658630371e+00
8.952856659889221191e-01
1.107475519180297852e+00
1.054857611656188965e+00
6.350297331809997559e-01
6.022345423698425293e-01
7.068034410476684570e-01
5.704383850097656250e-01
4.918992817401885986e-01
9.249659180641174316e-01
9.348371028900146484e-01
8.132725358009338379e-01
8.246880173683166504e-01
7.753505110740661621e-01
7.680345773696899414e-01
8.400707840919494629e-01
8.657125830650329590e-01
6.882311701774597168e-01
6.722520589828491211e-01
8.043682575225830078e-01
8.305784463882446289e-01
1.032535076141357422e+00
8.889767527580261230e-01
7.666328549385070801e-01
7.135069370269775391e-01
7.935048341751098633e-01
8.612431883811950684e-01
5.766425132751464844e-01
7.717863917350769043e-01
7.384027242660522461e-01
1.250085115432739258e+00
9.332047104835510254e-01
7.309523820877075195e-01
7.102475166320800781e-01
5.465492010116577148e-01
5.958710908889770508e-01
8.734993934631347656e-01
7.118184566497802734e-01
8.380785584449768066e-01
9.909729361534118652e-01
8.051793575286865234e-01
7.279131412506103516e-01
1.226672887802124023e+00
8.780204653739929199e-01
9.436538219451904297e-01
1.512735128402709961e+00
5.776600241661071777e-01
7.892673611640930176e-01
9.969148635864257812e-01
8.314502239227294922e-01
2.000638246536254883e+00
8.277706503868103027e-01
1.012344241142272949e+00
1.779279112815856934e+00
1.826683998107910156e+00
7.613704800605773926e-01
9.635962247848510742e-01
6.498068571090698242e-01
1.096436023712158203e+00
9.516392946243286133e-01
1.125906944274902344e+00
7.788903713226318359e-01
8.023456931114196777e-01
6.862405538558959961e-01
8.659245967864990234e-01
6.320323348045349121e-01
8.482584953308105469e-01
1.014289379119873047e+00
7.546173334121704102e-01
7.994165420532226562e-01
8.766671419143676758e-01
5.914888381958007812e-01
8.725257515907287598e-01
2.372014045715332031e+00
2.351878166198730469e+00
2.268565654754638672e+00
5.905677080154418945e-01
8.544294834136962891e-01
7.614598870277404785e-01
9.287682771682739258e-01
9.753015041351318359e-01
1.174573063850402832e+00
6.118215322494506836e-01
7.812316417694091797e-01
7.649173736572265625e-01
7.862354516983032227e-01
1.165286779403686523e+00
1.341265797615051270e+00
8.594726920127868652e-01
9.387079477310180664e-01
5.072406530380249023e-01
4.893382787704467773e-01
5.838668346405029297e-01
7.235593199729919434e-01
7.561278939247131348e-01
1.202284932136535645e+00
1.082790851593017578e+00
9.092842936515808105e-01
9.371485114097595215e-01
7.338376045227050781e-01
1.211784482002258301e+00
1.091359615325927734e+00
9.765187501907348633e-01
9.580771923065185547e-01
8.959607481956481934e-01
6.557574272155761719e-01
8.063946366310119629e-01
7.253509759902954102e-01
5.751401185989379883e-01
5.579853653907775879e-01
4.855805933475494385e-01
6.695426702499389648e-01
1.104110240936279297e+00
7.164823412895202637e-01
6.713062524795532227e-01
8.809345364570617676e-01
7.774984836578369141e-01
5.284258127212524414e-01
5.948410034179687500e-01
9.432840943336486816e-01
1.127943396568298340e+00
4.623856544494628906e-01
6.670247316360473633e-01
2.841634035110473633e+00
2.562693357467651367e+00
6.968828439712524414e-01
6.761931777000427246e-01
8.647050261497497559e-01
8.535455465316772461e-01
8.639209866523742676e-01
1.082280635833740234e+00
9.461796879768371582e-01
7.038003206253051758e-01
5.956932902336120605e-01
4.945230484008789062e-01
6.182249784469604492e-01
9.120447635650634766e-01
6.145517826080322266e-01
1.016210079193115234e+00
5.219174623489379883e-01
5.885660052299499512e-01
8.412216305732727051e-01
7.532935738563537598e-01
8.467612266540527344e-01
7.941236495971679688e-01
8.407383561134338379e-01
8.113335371017456055e-01
8.238797783851623535e-01
7.214065194129943848e-01
1.070228695869445801e+00
6.270062923431396484e-01
8.660054206848144531e-01
1.129054307937622070e+00
1.007457733154296875e+00
1.017892360687255859e+00
1.300387740135192871e+00
6.215973496437072754e-01
1.116824388504028320e+00
1.044929146766662598e+00
2.617018461227416992e+00
2.529632091522216797e+00
2.282505750656127930e+00
6.295198202133178711e-01
1.127412438392639160e+00
9.058732390403747559e-01
7.156087160110473633e-01
7.703681588172912598e-01
7.365813851356506348e-01
1.060538887977600098e+00
6.631535887718200684e-01
9.009051322937011719e-01
9.539564251899719238e-01
7.412423491477966309e-01
7.132375836372375488e-01
9.198600053787231445e-01
9.176472425460815430e-01
9.717779755592346191e-01
8.058379292488098145e-01
7.379499077796936035e-01
6.850172281265258789e-01
9.216489791870117188e-01
9.584199190139770508e-01
2.594815731048583984e+00
2.578456878662109375e+00
2.367458105087280273e+00
6.416403055191040039e-01
9.906182289123535156e-01
6.473947763442993164e-01
6.625555753707885742e-01
6.905368566513061523e-01
4.016040861606597900e-01
7.423245310783386230e-01
7.403862476348876953e-01
7.451497316360473633e-01
9.280059933662414551e-01
4.159559905529022217e-01
5.667091012001037598e-01
6.452373862266540527e-01
5.049831867218017578e-01
9.403277635574340820e-01
8.483601212501525879e-01
3.174073219299316406e+00
6.765858530998229980e-01
5.384612679481506348e-01
5.561847090721130371e-01
6.061137318611145020e-01
8.560607433319091797e-01
9.999335408210754395e-01
6.452185511589050293e-01
1.093852281570434570e+00
1.052356958389282227e+00
6.104535460472106934e-01
7.358617186546325684e-01
7.512410283088684082e-01
6.942172050476074219e-01
8.750528097152709961e-01
5.905658006668090820e-01
1.042536497116088867e+00
9.411553144454956055e-01
8.005271553993225098e-01
1.015156030654907227e+00
6.402188539505004883e-01
8.760820627212524414e-01
6.655068397521972656e-01
8.193347454071044922e-01
6.247066259384155273e-01
8.438970446586608887e-01
6.870665550231933594e-01
7.416871190071105957e-01
9.128773212432861328e-01
5.955638289451599121e-01
5.902971029281616211e-01
8.305098414421081543e-01
6.273957490921020508e-01
4.911347925662994385e-01
6.480972766876220703e-01
6.457412242889404297e-01
9.253098964691162109e-01
1.015584349632263184e+00
5.526922345161437988e-01
7.257173657417297363e-01
2.344766378402709961e+00
2.534047603607177734e+00
2.308609962463378906e+00
2.620088815689086914e+00
2.520481348037719727e+00
3.009845733642578125e+00
2.742306470870971680e+00
3.082906723022460938e+00
2.740063428878784180e+00
2.790512323379516602e+00
2.230251550674438477e+00
2.361172437667846680e+00
2.415439367294311523e+00
2.213090896606445312e+00
2.239007234573364258e+00
2.126621961593627930e+00
1.470095157623291016e+00
1.560180306434631348e+00
1.842326641082763672e+00
1.775300860404968262e+00
1.976991653442382812e+00
6.446768045425415039e-01
6.748725771903991699e-01
1.066754102706909180e+00
1.245739102363586426e+00
6.269440650939941406e-01
8.746862411499023438e-01
6.038689017295837402e-01
1.081904172897338867e+00
1.008623003959655762e+00
9.802136421203613281e-01
8.245475292205810547e-01
6.383345723152160645e-01
6.313167810440063477e-01
6.307723522186279297e-01
6.357473731040954590e-01
8.735826611518859863e-01
1.303679585456848145e+00
9.941337108612060547e-01
1.149657726287841797e+00
8.868613243103027344e-01
6.199647784233093262e-01
1.003541588783264160e+00
1.080001592636108398e+00
7.687722444534301758e-01
7.245233058929443359e-01
6.628559231758117676e-01
8.137429356575012207e-01
9.506711363792419434e-01
6.128736734390258789e-01
8.433890938758850098e-01
5.781101584434509277e-01
5.937172174453735352e-01
1.086602449417114258e+00
9.396709203720092773e-01
9.932326674461364746e-01
8.749799728393554688e-01
9.004713892936706543e-01
6.281185746192932129e-01
1.093316197395324707e+00
7.858237624168395996e-01
7.592989206314086914e-01
7.206473350524902344e-01
9.312077164649963379e-01
8.150025010108947754e-01
7.992905378341674805e-01
5.491864681243896484e-01
7.570781111717224121e-01
9.888969063758850098e-01
9.159005880355834961e-01
7.887418270111083984e-01
7.377066612243652344e-01
8.552504181861877441e-01
8.375990390777587891e-01
8.621256351470947266e-01
5.636935234069824219e-01
1.408107161521911621e+00
1.128347039222717285e+00
1.116456151008605957e+00
9.080856442451477051e-01
8.410716652870178223e-01
1.187936663627624512e+00
1.155817866325378418e+00
9.499514698982238770e-01
1.158850669860839844e+00
8.111667633056640625e-01
1.179209470748901367e+00
1.009195566177368164e+00
5.467330217361450195e-01
5.391776561737060547e-01
8.309471011161804199e-01
9.427095651626586914e-01
8.396998643875122070e-01
1.071396231651306152e+00
6.628257632255554199e-01
7.532045841217041016e-01
1.401491880416870117e+00
9.122993946075439453e-01
7.393915653228759766e-01
6.631097793579101562e-01
7.410866022109985352e-01
6.219684481620788574e-01
6.694958209991455078e-01
6.583817005157470703e-01
5.787647366523742676e-01
5.772372484207153320e-01
8.378479480743408203e-01
9.184203743934631348e-01
7.061467766761779785e-01
5.265260934829711914e-01
6.832907795906066895e-01
6.293441057205200195e-01
1.126929283142089844e+00
6.466021537780761719e-01
6.558564305305480957e-01
7.720330357551574707e-01
8.498279452323913574e-01
8.675066828727722168e-01
6.333076357841491699e-01
8.811544775962829590e-01
9.047345519065856934e-01
6.136965155601501465e-01
8.614770770072937012e-01
6.494382023811340332e-01
5.193856954574584961e-01
7.266865372657775879e-01
9.346501231193542480e-01
1.233268618583679199e+00
5.330014824867248535e-01
1.187721490859985352e+00
1.055986046791076660e+00
9.830212593078613281e-01
7.948362231254577637e-01
1.046811342239379883e+00
8.233881592750549316e-01
6.139633655548095703e-01
7.981796264648437500e-01
5.030032396316528320e-01
5.980668067932128906e-01
5.875728726387023926e-01
4.841667115688323975e-01
7.614490985870361328e-01
9.241720438003540039e-01
8.116434216499328613e-01
7.355512380599975586e-01
7.442837953567504883e-01
6.266024708747863770e-01
4.750670194625854492e-01
6.422086358070373535e-01
8.378360867500305176e-01
4.996693432331085205e-01
6.913592219352722168e-01
9.298902750015258789e-01
9.453173875808715820e-01
1.003126740455627441e+00
1.306317448616027832e+00
1.244761347770690918e+00
8.178864717483520508e-01
1.099756717681884766e+00
7.838014364242553711e-01
6.308777928352355957e-01
4.811525046825408936e-01
5.907093286514282227e-01
1.345620274543762207e+00
4.850369095802307129e-01
6.381334662437438965e-01
5.662482976913452148e-01
9.652611613273620605e-01
1.058677077293395996e+00
6.571384072303771973e-01
5.521971583366394043e-01
5.041050314903259277e-01
5.093640685081481934e-01
7.490029335021972656e-01
6.761031150817871094e-01
6.685520410537719727e-01
1.051873445510864258e+00
6.525207161903381348e-01
5.174057483673095703e-01
5.813903808593750000e-01
6.350418925285339355e-01
9.240125417709350586e-01
8.147208094596862793e-01
5.960983037948608398e-01
7.155463695526123047e-01
1.073716044425964355e+00
1.001968741416931152e+00
6.080246567726135254e-01
8.884016871452331543e-01
6.070084571838378906e-01
1.036427855491638184e+00
8.533197045326232910e-01
6.313816905021667480e-01
8.650174140930175781e-01
8.733573555946350098e-01
9.158983230590820312e-01
5.886034369468688965e-01
8.186835050582885742e-01
6.956339478492736816e-01
6.539292335510253906e-01
6.949570178985595703e-01
8.963729739189147949e-01
6.069126129150390625e-01
9.561747908592224121e-01
9.342542290687561035e-01
1.014811158180236816e+00
1.054039597511291504e+00
7.587129473686218262e-01
7.893231511116027832e-01
8.399761915206909180e-01
1.272632002830505371e+00
1.143549680709838867e+00
1.432247996330261230e+00
9.332484006881713867e-01
8.075339198112487793e-01
8.763486146926879883e-01
5.597184896469116211e-01
8.083671927452087402e-01
7.829325795173645020e-01
1.209508657455444336e+00
8.774189949035644531e-01
9.639155268669128418e-01
8.116418123245239258e-01
4.778302311897277832e-01
5.555720925331115723e-01
5.371377468109130859e-01
7.472614645957946777e-01
8.530185818672180176e-01
5.664885640144348145e-01
5.863113403320312500e-01
7.461562752723693848e-01
6.972808241844177246e-01
5.504722595214843750e-01
4.189867377281188965e-01
6.178128123283386230e-01
8.324561119079589844e-01
6.363548636436462402e-01
8.068030476570129395e-01
1.047133922576904297e+00
7.087881565093994141e-01
1.694017052650451660e+00
8.685751557350158691e-01
6.063720583915710449e-01
5.171416997909545898e-01
6.021019816398620605e-01
7.231242656707763672e-01
8.985098004341125488e-01
9.725388288497924805e-01
7.618428468704223633e-01
5.705935955047607422e-01
5.040733814239501953e-01
4.762744307518005371e-01
6.457565426826477051e-01
5.602999329566955566e-01
4.364471435546875000e-01
5.907728672027587891e-01
8.730398416519165039e-01
5.154575705528259277e-01
5.091035962104797363e-01
5.891181826591491699e-01
7.115588784217834473e-01
1.008693337440490723e+00
5.567038655281066895e-01
5.133159756660461426e-01
8.312287330627441406e-01
6.095647811889648438e-01
9.096012115478515625e-01
7.504382729530334473e-01
6.923817992210388184e-01
4.620387852191925049e-01
8.838004469871520996e-01
6.905348300933837891e-01
6.782262325286865234e-01
9.502748847007751465e-01
9.724213480949401855e-01
1.050910115242004395e+00
7.980220317840576172e-01
9.335308074951171875e-01
9.237927198410034180e-01
1.072184801101684570e+00
8.981370329856872559e-01
8.307366967201232910e-01
9.989378452301025391e-01
1.152631998062133789e+00
5.175886154174804688e-01
5.471698045730590820e-01
6.347825527191162109e-01
9.877406358718872070e-01
8.739586472511291504e-01
1.001611471176147461e+00
1.229120492935180664e+00
8.687973022460937500e-01
4.789458513259887695e-01
5.252270698547363281e-01
7.971768379211425781e-01
4.642996191978454590e-01
7.662724256515502930e-01
7.808407545089721680e-01
1.595052242279052734e+00
1.784274101257324219e+00
6.276388764381408691e-01
9.742843508720397949e-01
6.728276014328002930e-01
6.426598429679870605e-01
6.093550324440002441e-01
9.224249124526977539e-01
6.156416535377502441e-01
6.719452142715454102e-01
1.044386029243469238e+00
9.226607680320739746e-01
8.639060854911804199e-01
6.040667295455932617e-01
5.728161931037902832e-01
5.576050281524658203e-01
5.488763451576232910e-01
4.522095620632171631e-01
5.582439303398132324e-01
5.048636198043823242e-01
5.094717144966125488e-01
5.826133489608764648e-01
5.907887220382690430e-01
1.019952416419982910e+00
6.470962166786193848e-01
6.941727995872497559e-01
1.473281383514404297e+00
7.756676673889160156e-01
6.083362698554992676e-01
6.722745895385742188e-01
9.519719481468200684e-01
6.389756202697753906e-01
1.076488733291625977e+00
6.085812449455261230e-01
8.647887706756591797e-01
1.071373343467712402e+00
6.030158400535583496e-01
8.417587876319885254e-01
6.199239492416381836e-01
6.266257762908935547e-01
6.430812478065490723e-01
6.411303281784057617e-01
6.106037497520446777e-01
8.478138446807861328e-01
6.076360940933227539e-01
6.147706508636474609e-01
6.204920411109924316e-01
6.364479064941406250e-01
8.695716261863708496e-01
5.997827649116516113e-01
8.319857716560363770e-01
1.112550020217895508e+00
1.176333904266357422e+00
5.546679496765136719e-01
8.965649008750915527e-01
7.934442162513732910e-01
7.626449465751647949e-01
6.226318478584289551e-01
6.454532742500305176e-01
5.892812013626098633e-01
6.138552427291870117e-01
8.558562397956848145e-01
1.142800211906433105e+00
6.262573003768920898e-01
8.700931668281555176e-01
9.892441034317016602e-01
6.329813003540039062e-01
6.306411027908325195e-01
5.978518128395080566e-01
7.775179147720336914e-01
6.593981981277465820e-01
6.104151010513305664e-01
6.166397333145141602e-01
6.049816012382507324e-01
8.893257975578308105e-01
6.295269131660461426e-01
5.365300178527832031e-01
6.190673112869262695e-01
5.632122755050659180e-01
4.827601611614227295e-01
4.901428222656250000e-01
5.738659501075744629e-01
7.681010365486145020e-01
9.853166341781616211e-01
7.332265377044677734e-01
7.795730829238891602e-01
7.986282706260681152e-01
9.565942287445068359e-01
7.141855955123901367e-01
9.017469882965087891e-01
6.798286437988281250e-01
6.034708023071289062e-01
5.951104760169982910e-01
9.766802787780761719e-01
6.191664934158325195e-01
6.021968126296997070e-01
6.175603270530700684e-01
6.187850236892700195e-01
1.078886151313781738e+00
6.174987554550170898e-01
6.509084105491638184e-01
6.655330061912536621e-01
6.401377916336059570e-01
6.057688593864440918e-01
8.075972795486450195e-01
5.310193300247192383e-01
