1.068917751312255859e+00
8.596302866935729980e-01
7.444579005241394043e-01
7.070916295051574707e-01
4.767892360687255859e-01
6.675688028335571289e-01
6.207748055458068848e-01
8.171475529670715332e-01
9.520422816276550293e-01
1.133430480957031250e+00
1.106573462486267090e+00
9.280790090560913086e-01
1.014057993888854980e+00
8.352278470993041992e-01
4.873956441879272461e-01
5.106465220451354980e-01
1.241133093833923340e+00
8.948614597320556641e-01
7.749000787734985352e-01
4.742078185081481934e-01
5.203981995582580566e-01
6.718899011611938477e-01
9.629796743392944336e-01
1.114388346672058105e+00
9.316306710243225098e-01
6.639610528945922852e-01
4.714545607566833496e-01
6.084011197090148926e-01
5.851430892944335938e-01
4.877116084098815918e-01
7.551716566085815430e-01
1.002397418022155762e+00
4.805357754230499268e-01
8.159609436988830566e-01
7.402864694595336914e-01
7.935225963592529297e-01
1.132701396942138672e+00
7.084299325942993164e-01
6.356840729713439941e-01
4.688356220722198486e-01
6.317418813705444336e-01
9.891209602355957031e-01
6.296910047531127930e-01
9.133369922637939453e-01
8.070574998855590820e-01
1.081549406051635742e+00
7.611118555068969727e-01
6.274196505546569824e-01
5.327440500259399414e-01
6.948891282081604004e-01
7.966831326484680176e-01
8.999162316322326660e-01
5.032607913017272949e-01
7.414547801017761230e-01
8.913128376007080078e-01
7.465723156929016113e-01
7.180065512657165527e-01
8.156520128250122070e-01
8.299632072448730469e-01
7.043902277946472168e-01
5.936205387115478516e-01
4.632544815540313721e-01
6.204667091369628906e-01
1.060499548912048340e+00
8.584339618682861328e-01
8.008071780204772949e-01
7.726688385009765625e-01
9.869829416275024414e-01
1.015357136726379395e+00
5.841076970100402832e-01
7.057389020919799805e-01
8.570213913917541504e-01
5.517834424972534180e-01
4.866835772991180420e-01
8.704632520675659180e-01
8.475725650787353516e-01
8.904201388359069824e-01
8.918659687042236328e-01
7.672142386436462402e-01
7.197515368461608887e-01
7.944036722183227539e-01
8.371767997741699219e-01
6.927541494369506836e-01
6.328448653221130371e-01
8.093886375427246094e-01
6.997174620628356934e-01
8.377924561500549316e-01
7.563560009002685547e-01
7.017960548400878906e-01
6.558259725570678711e-01
7.529178261756896973e-01
8.499990701675415039e-01
5.871450901031494141e-01
6.385340094566345215e-01
6.132271885871887207e-01
8.961129784584045410e-01
9.042255878448486328e-01
5.973424911499023438e-01
6.687297821044921875e-01
5.735971331596374512e-01
7.393559813499450684e-01
8.478567600250244141e-01
5.959118008613586426e-01
6.315669417381286621e-01
8.568129539489746094e-01
7.239753603935241699e-01
5.997235178947448730e-01
1.081418275833129883e+00
6.768287420272827148e-01
8.104465007781982422e-01
1.299010992050170898e+00
7.019500732421875000e-01
6.599837541580200195e-01
8.924991488456726074e-01
6.751769781112670898e-01
8.343195915222167969e-01
7.264516353607177734e-01
1.133917331695556641e+00
6.298240423202514648e-01
9.338201880455017090e-01
7.986257672309875488e-01
1.001062273979187012e+00
6.352593302726745605e-01
1.066620230674743652e+00
9.827327132225036621e-01
1.144627809524536133e+00
7.980602979660034180e-01
7.936303019523620605e-01
6.637485027313232422e-01
8.533141016960144043e-01
6.000961661338806152e-01
8.611819148063659668e-01
9.644311666488647461e-01
6.515485644340515137e-01
7.355256676673889160e-01
7.099630236625671387e-01
6.216102838516235352e-01
7.470697760581970215e-01
9.135139584541320801e-01
7.416388392448425293e-01
8.965629339218139648e-01
5.920619964599609375e-01
8.209241628646850586e-01
7.443622946739196777e-01
9.530837535858154297e-01
9.728869795799255371e-01
1.175126433372497559e+00
5.579848885536193848e-01
7.471947073936462402e-01
7.411832213401794434e-01
8.184868097305297852e-01
1.185464262962341309e+00
1.406566381454467773e+00
8.481328487396240234e-01
8.997319936752319336e-01
5.121582746505737305e-01
5.067187547683715820e-01
5.832766890525817871e-01
6.238781213760375977e-01
7.624861001968383789e-01
1.212052941322326660e+00
1.081284403800964355e+00
9.370411634445190430e-01
9.954015612602233887e-01
1.104617238044738770e+00
1.167812585830688477e+00
1.015416979789733887e+00
9.074966311454772949e-01
9.162767529487609863e-01
1.003427505493164062e+00
9.500230550765991211e-01
8.920112848281860352e-01
8.134312629699707031e-01
7.479839920997619629e-01
5.775427818298339844e-01
4.959203600883483887e-01
6.456044316291809082e-01
1.032982468605041504e+00
7.034419178962707520e-01
7.015516161918640137e-01
9.189312458038330078e-01
7.313000559806823730e-01
4.877139627933502197e-01
5.974778532981872559e-01
9.919121265411376953e-01
1.045319557189941406e+00
4.741949737071990967e-01
6.775459647178649902e-01
1.100464820861816406e+00
1.014474034309387207e+00
8.202003836631774902e-01
7.909943461418151855e-01
7.660987973213195801e-01
7.509307861328125000e-01
8.122770190238952637e-01
1.051025032997131348e+00
9.160292744636535645e-01
6.862496733665466309e-01
5.985295176506042480e-01
5.160900950431823730e-01
6.067197918891906738e-01
8.456671237945556641e-01
6.200019121170043945e-01
1.023246645927429199e+00
4.722838103771209717e-01
5.950672626495361328e-01
8.577149510383605957e-01
7.282928228378295898e-01
7.905367016792297363e-01
7.462778687477111816e-01
8.119756579399108887e-01
6.872242689132690430e-01
5.693492293357849121e-01
6.452561616897583008e-01
9.668959975242614746e-01
6.195237040519714355e-01
8.463467359542846680e-01
9.085627794265747070e-01
8.350069522857666016e-01
6.710331439971923828e-01
1.089604258537292480e+00
6.087387204170227051e-01
1.055527567863464355e+00
9.416472315788269043e-01
8.014975190162658691e-01
8.416150808334350586e-01
6.160579323768615723e-01
6.158999800682067871e-01
9.921631217002868652e-01
9.400182962417602539e-01
7.929787635803222656e-01
9.060162305831909180e-01
9.525414109230041504e-01
1.177005529403686523e+00
6.129620671272277832e-01
8.465934991836547852e-01
8.730394244194030762e-01
5.657702684402465820e-01
6.759185791015625000e-01
8.975403904914855957e-01
9.256569743156433105e-01
9.908620119094848633e-01
8.382695317268371582e-01
8.612498641014099121e-01
6.055670380592346191e-01
8.623192906379699707e-01
8.734925985336303711e-01
9.417774677276611328e-01
1.004866480827331543e+00
1.061586380004882812e+00
6.077637672424316406e-01
8.259687423706054688e-01
5.733351111412048340e-01
4.879167377948760986e-01
6.973356008529663086e-01
5.090085268020629883e-01
5.059854388236999512e-01
8.344482183456420898e-01
9.983952641487121582e-01
1.339245796203613281e+00
6.317045092582702637e-01
4.029790163040161133e-01
6.729659438133239746e-01
5.791384577751159668e-01
9.966289401054382324e-01
7.399963140487670898e-01
1.010743260383605957e+00
9.326980113983154297e-01
7.847726345062255859e-01
5.110436677932739258e-01
5.489830374717712402e-01
8.859499692916870117e-01
1.353682756423950195e+00
7.732960581779479980e-01
1.079284429550170898e+00
1.332897067070007324e+00
9.250301718711853027e-01
7.527287602424621582e-01
8.122971057891845703e-01
7.112755179405212402e-01
1.020965576171875000e+00
8.244354724884033203e-01
1.115836977958679199e+00
7.082309722900390625e-01
7.662113308906555176e-01
1.202448964118957520e+00
9.328889250755310059e-01
1.049378156661987305e+00
8.088163137435913086e-01
8.925163745880126953e-01
6.036615967750549316e-01
8.475590944290161133e-01
6.072423458099365234e-01
8.824055194854736328e-01
1.187801122665405273e+00
6.388665437698364258e-01
6.214258074760437012e-01
8.795347809791564941e-01
6.454355120658874512e-01
5.324124097824096680e-01
6.751680374145507812e-01
6.140137910842895508e-01
9.151872396469116211e-01
1.209131479263305664e+00
5.624472498893737793e-01
7.098808288574218750e-01
6.811102628707885742e-01
8.806411623954772949e-01
9.201958775520324707e-01
7.008531689643859863e-01
5.420791506767272949e-01
9.997102022171020508e-01
7.373128533363342285e-01
9.202103018760681152e-01
6.301952600479125977e-01
7.850355505943298340e-01
6.752985119819641113e-01
4.912264943122863770e-01
5.498235225677490234e-01
5.010775327682495117e-01
8.270622491836547852e-01
6.869714856147766113e-01
8.352095484733581543e-01
9.104139208793640137e-01
7.246984839439392090e-01
8.958378434181213379e-01
9.837178587913513184e-01
7.155157327651977539e-01
6.984708905220031738e-01
1.159914135932922363e+00
1.136350512504577637e+00
6.598920822143554688e-01
8.744744062423706055e-01
5.926146507263183594e-01
1.000676155090332031e+00
8.538499474525451660e-01
7.707234025001525879e-01
6.927974820137023926e-01
6.137384772300720215e-01
6.383610963821411133e-01
6.644911170005798340e-01
6.377393603324890137e-01
8.738912940025329590e-01
1.027990460395812988e+00
8.381289839744567871e-01
9.511247873306274414e-01
8.213745355606079102e-01
6.165574193000793457e-01
8.660500049591064453e-01
9.258117079734802246e-01
6.481285691261291504e-01
7.470081448554992676e-01
8.474092483520507812e-01
1.063809514045715332e+00
1.209038257598876953e+00
6.317303776741027832e-01
8.796276450157165527e-01
6.312744021415710449e-01
6.034641265869140625e-01
1.117627739906311035e+00
9.060542583465576172e-01
8.307250142097473145e-01
9.635563492774963379e-01
1.106606602668762207e+00
6.350389719009399414e-01
9.858276844024658203e-01
9.074383378028869629e-01
9.836050868034362793e-01
7.144318819046020508e-01
8.930851817131042480e-01
7.711172103881835938e-01
7.926745414733886719e-01
5.315055847167968750e-01
7.972567081451416016e-01
9.883863925933837891e-01
9.550021886825561523e-01
7.738386988639831543e-01
7.715568542480468750e-01
8.508163094520568848e-01
7.861351370811462402e-01
8.066915869712829590e-01
5.614651441574096680e-01
1.352639317512512207e+00
1.082031011581420898e+00
1.128575682640075684e+00
9.193640351295471191e-01
7.785094976425170898e-01
1.125607728958129883e+00
1.113749742507934570e+00
9.457585215568542480e-01
1.082590699195861816e+00
7.415612339973449707e-01
1.102474808692932129e+00
9.790205955505371094e-01
5.094249844551086426e-01
5.305772423744201660e-01
8.158746957778930664e-01
8.139402866363525391e-01
8.149240016937255859e-01
1.076708197593688965e+00
6.499654650688171387e-01
7.567487359046936035e-01
1.179467797279357910e+00
8.173489570617675781e-01
7.266065478324890137e-01
5.181257128715515137e-01
7.651451826095581055e-01
6.440792679786682129e-01
5.476264953613281250e-01
5.053069591522216797e-01
6.879250407218933105e-01
6.083220839500427246e-01
8.523463606834411621e-01
7.507601380348205566e-01
7.335494756698608398e-01
6.425188183784484863e-01
7.822710871696472168e-01
6.057847738265991211e-01
9.879553318023681641e-01
6.490368247032165527e-01
6.428393721580505371e-01
7.870991826057434082e-01
8.519078493118286133e-01
9.013528823852539062e-01
6.167362332344055176e-01
8.514919281005859375e-01
9.813389778137207031e-01
6.128011941909790039e-01
8.738923668861389160e-01
6.448228359222412109e-01
5.156796574592590332e-01
7.242930531501770020e-01
9.557317495346069336e-01
1.214808464050292969e+00
5.981478095054626465e-01
1.161114931106567383e+00
1.069644570350646973e+00
1.079925894737243652e+00
7.596583962440490723e-01
1.029790043830871582e+00
7.998329997062683105e-01
6.105489134788513184e-01
7.980189919471740723e-01
5.077728033065795898e-01
6.131036877632141113e-01
5.670988559722900391e-01
4.750569164752960205e-01
7.474071979522705078e-01
9.283174276351928711e-01
8.763722181320190430e-01
7.310022115707397461e-01
7.137048244476318359e-01
6.277790665626525879e-01
4.791341722011566162e-01
6.441691517829895020e-01
8.500370979309082031e-01
4.953322708606719971e-01
7.152932882308959961e-01
8.838192224502563477e-01
9.345148801803588867e-01
1.036574721336364746e+00
1.341222882270812988e+00
1.406019449234008789e+00
7.634843587875366211e-01
1.017220497131347656e+00
7.622922062873840332e-01
6.289651393890380859e-01
4.632925689220428467e-01
6.149991154670715332e-01
1.329618930816650391e+00
5.178425312042236328e-01
6.182518601417541504e-01
5.177892446517944336e-01
9.189277291297912598e-01
1.038176298141479492e+00
6.980636715888977051e-01
6.260942220687866211e-01
5.464766621589660645e-01
5.184281468391418457e-01
7.631338834762573242e-01
7.252320647239685059e-01
7.878982424736022949e-01
1.076182723045349121e+00
6.855039596557617188e-01
5.229291915893554688e-01
5.871121883392333984e-01
7.433714866638183594e-01
9.889608025550842285e-01
8.095566034317016602e-01
8.156458735466003418e-01
7.766909003257751465e-01
1.067858338356018066e+00
1.013861656188964844e+00
8.567036390304565430e-01
1.049900174140930176e+00
6.539700031280517578e-01
1.038442850112915039e+00
8.531960844993591309e-01
6.194431185722351074e-01
8.793066740036010742e-01
8.016597628593444824e-01
8.696733713150024414e-01
6.364982128143310547e-01
9.055512547492980957e-01
6.093078851699829102e-01
6.646753549575805664e-01
7.725520730018615723e-01
9.603772163391113281e-01
6.500309705734252930e-01
9.942103028297424316e-01
1.006005764007568359e+00
1.037904620170593262e+00
1.160319805145263672e+00
6.531423330307006836e-01
7.414819002151489258e-01
8.204851150512695312e-01
1.158637166023254395e+00
1.061802387237548828e+00
1.290602207183837891e+00
8.689531683921813965e-01
8.170716762542724609e-01
9.676176309585571289e-01
6.123734116554260254e-01
7.718735933303833008e-01
7.773107886314392090e-01
1.152904510498046875e+00
8.506961464881896973e-01
9.029902219772338867e-01
8.602219820022583008e-01
6.381389498710632324e-01
6.606381535530090332e-01
7.379829287528991699e-01
9.369441270828247070e-01
8.191239237785339355e-01
5.115838050842285156e-01
5.250213146209716797e-01
6.885352730751037598e-01
7.044438719749450684e-01
5.821903944015502930e-01
4.530006051063537598e-01
6.644031405448913574e-01
8.767748475074768066e-01
6.657004952430725098e-01
8.023160696029663086e-01
1.105109453201293945e+00
7.862139940261840820e-01
1.552025318145751953e+00
8.812867403030395508e-01
6.035691499710083008e-01
5.251357555389404297e-01
5.921307206153869629e-01
7.226954102516174316e-01
9.277005791664123535e-01
1.045398235321044922e+00
8.124892711639404297e-01
5.833637118339538574e-01
5.422431826591491699e-01
4.874456822872161865e-01
6.489222645759582520e-01
5.814780592918395996e-01
4.468749165534973145e-01
5.996707081794738770e-01
8.832728862762451172e-01
5.292429924011230469e-01
5.481033325195312500e-01
6.166134476661682129e-01
7.296044230461120605e-01
1.094202637672424316e+00
5.594106912612915039e-01
5.267271995544433594e-01
8.303245306015014648e-01
6.124336123466491699e-01
9.104597568511962891e-01
7.382708787918090820e-01
7.220132350921630859e-01
5.017079114913940430e-01
9.552448987960815430e-01
7.662339806556701660e-01
7.467285394668579102e-01
9.609946012496948242e-01
9.594989418983459473e-01
1.088519096374511719e+00
7.930449247360229492e-01
9.304229021072387695e-01
9.496878385543823242e-01
1.073540687561035156e+00
9.388383626937866211e-01
8.778995275497436523e-01
1.045791149139404297e+00
1.269532084465026855e+00
5.565552115440368652e-01
5.539014935493469238e-01
6.341622471809387207e-01
9.786325097084045410e-01
8.578470945358276367e-01
9.891303181648254395e-01
1.240184426307678223e+00
8.622342348098754883e-01
4.800740480422973633e-01
5.099885463714599609e-01
7.822048664093017578e-01
4.766696989536285400e-01
7.641553282737731934e-01
8.094670772552490234e-01
7.908500432968139648e-01
7.444853186607360840e-01
7.147718667984008789e-01
9.833154082298278809e-01
6.833612322807312012e-01
6.503438949584960938e-01
6.124457716941833496e-01
9.106979370117187500e-01
6.271374821662902832e-01
7.196164727210998535e-01
1.053191900253295898e+00
9.046733379364013672e-01
8.180055022239685059e-01
5.679444074630737305e-01
5.317155718803405762e-01
5.085914731025695801e-01
5.136741995811462402e-01
4.461331367492675781e-01
5.312741994857788086e-01
4.848513603210449219e-01
5.222405195236206055e-01
6.245647072792053223e-01
6.067597270011901855e-01
1.090975284576416016e+00
7.159670591354370117e-01
8.410519957542419434e-01
1.376066923141479492e+00
9.252036213874816895e-01
5.858005881309509277e-01
7.238821387290954590e-01
9.378943443298339844e-01
6.262313127517700195e-01
9.943869709968566895e-01
6.202737092971801758e-01
8.779615163803100586e-01
1.064056992530822754e+00
6.337586045265197754e-01
8.874700069427490234e-01
6.365613937377929688e-01
6.156587600708007812e-01
6.220124959945678711e-01
6.561866998672485352e-01
6.473936438560485840e-01
8.637403845787048340e-01
6.076811552047729492e-01
6.310108304023742676e-01
6.170622110366821289e-01
5.786535143852233887e-01
7.272972464561462402e-01
4.825552999973297119e-01
5.931387543678283691e-01
8.986473679542541504e-01
1.143160820007324219e+00
4.992778897285461426e-01
7.718045711517333984e-01
7.583956122398376465e-01
8.108865618705749512e-01
8.008207082748413086e-01
8.025094270706176758e-01
6.414110660552978516e-01
6.032181382179260254e-01
8.145905733108520508e-01
1.145638108253479004e+00
5.960205197334289551e-01
9.149221777915954590e-01
9.770744442939758301e-01
6.081002354621887207e-01
6.458716392517089844e-01
6.087715625762939453e-01
7.866020798683166504e-01
7.149482369422912598e-01
6.318472623825073242e-01
6.357923746109008789e-01
6.390287876129150391e-01
8.926784992218017578e-01
6.641259193420410156e-01
5.407437086105346680e-01
6.193599104881286621e-01
5.602599382400512695e-01
4.879844784736633301e-01
5.313788056373596191e-01
5.873377323150634766e-01
7.648258805274963379e-01
9.907138943672180176e-01
7.226694226264953613e-01
7.153449058532714844e-01
7.714052796363830566e-01
9.608234763145446777e-01
7.002024650573730469e-01
8.661021590232849121e-01
6.498257517814636230e-01
5.895720124244689941e-01
5.821158289909362793e-01
9.712507724761962891e-01
6.230565905570983887e-01
6.122399568557739258e-01
6.223649978637695312e-01
6.459987163543701172e-01
1.095988869667053223e+00
6.351304650306701660e-01
6.556281447410583496e-01
6.588263511657714844e-01
6.573671102523803711e-01
6.189599633216857910e-01
8.434809446334838867e-01
5.507456660270690918e-01
