0 19
0 23
0 25
0 78
0 79
0 80
0 103
0 104
0 212
0 213
1 71
1 76
1 77
1 78
1 79
1 80
1 99
1 100
1 101
1 102
1 103
1 104
2 19
2 23
2 25
2 80
2 81
2 82
2 103
2 104
2 106
2 212
3 82
3 84
3 85
3 86
3 95
3 102
3 104
3 105
3 106
3 181
4 12
4 15
4 16
4 19
4 81
4 82
4 83
4 84
4 85
4 86
4 106
4 108
5 10
5 12
5 84
5 85
5 86
5 105
5 106
5 107
5 108
5 170
5 174
5 177
5 178
5 181
5 192
6 10
6 12
6 84
6 107
6 108
6 170
6 174
7 11
7 12
7 108
7 110
7 112
7 115
7 167
7 170
7 171
8 115
8 119
8 163
8 166
8 167
8 170
9 110
9 115
9 118
9 119
9 122
10 14
10 108
10 109
10 110
10 115
10 118
10 197
11 15
11 16
11 108
12 16
12 27
12 83
12 84
12 87
12 108
13 17
13 27
13 83
13 129
14 18
14 108
14 131
14 137
14 201
14 204
15 19
15 81
15 108
15 200
15 201
15 204
15 205
15 208
16 20
16 21
16 25
16 27
16 81
16 83
17 21
17 27
17 129
17 130
17 131
18 22
18 23
18 205
18 208
18 209
18 212
19 23
19 24
19 25
19 81
19 106
19 108
19 208
19 212
20 24
20 25
20 26
20 27
20 81
21 205
22 205
22 209
22 213
23 78
23 208
23 209
23 212
23 213
24 75
24 78
24 79
25 75
25 78
25 79
25 80
25 81
26 70
26 75
26 76
26 78
26 79
26 80
26 81
27 32
27 70
27 81
27 83
27 128
27 129
28 32
28 33
28 67
28 70
28 71
28 75
28 76
28 80
28 81
28 82
28 83
28 85
29 33
29 35
29 83
30 34
30 35
30 63
30 66
30 67
30 82
30 83
30 84
30 85
30 87
31 35
31 36
31 52
31 83
31 84
31 87
32 36
32 39
32 83
32 126
32 128
32 129
33 37
33 44
33 63
33 66
33 67
33 70
33 82
34 38
34 39
34 44
34 45
34 48
34 52
34 58
34 62
34 63
34 66
35 39
35 40
35 52
35 155
35 156
35 157
36 40
36 42
37 41
37 42
37 44
37 45
37 46
37 48
37 66
37 69
38 45
38 46
38 48
38 49
38 52
39 46
39 126
40 45
41 45
41 46
42 46
42 47
42 69
43 47
43 62
43 69
44 48
44 62
44 65
44 66
44 69
45 49
45 52
45 62
45 66
45 69
46 50
46 51
47 51
47 62
48 52
48 53
48 58
48 62
48 66
49 53
50 54
50 56
51 55
51 56
51 57
51 58
51 59
51 62
52 56
52 58
52 157
52 162
52 166
53 156
53 157
53 159
53 162
54 161
54 162
54 165
55 157
55 162
55 165
55 166
55 169
56 169
57 87
57 88
57 169
57 173
57 174
58 62
58 63
58 66
58 91
59 63
59 64
60 64
60 85
60 87
60 88
60 90
60 91
61 65
62 66
63 67
63 68
63 84
63 85
63 87
63 91
64 68
64 85
64 90
64 91
64 94
64 95
64 98
64 100
65 69
65 70
66 70
67 71
67 80
67 82
67 85
67 95
67 100
68 72
68 94
68 98
68 100
69 73
70 75
70 76
71 75
71 76
71 80
71 82
71 100
72 77
73 77
74 78
75 79
75 80
76 80
80 95
80 100
80 101
80 102
82 86
82 95
82 100
82 102
84 91
85 91
85 94
85 95
86 91
86 92
86 95
86 174
86 177
86 181
87 91
87 92
87 166
87 170
87 173
87 174
87 177
88 92
88 173
88 174
88 177
89 93
89 94
89 173
89 176
89 177
89 180
90 94
90 173
91 95
92 96
92 177
92 180
92 181
93 97
93 98
93 180
94 98
94 100
95 99
95 100
95 101
95 102
95 181
96 100
96 180
96 184
96 189
101 189
102 181
102 189
102 190
103 189
103 190
103 191
104 190
104 191
104 193
104 211
104 212
105 181
105 190
105 191
105 192
105 193
106 191
106 193
106 195
106 208
106 211
106 212
107 170
107 171
107 178
107 182
107 192
107 193
107 194
107 195
108 170
108 195
108 196
108 197
108 204
108 208
109 194
109 195
109 196
109 197
109 198
110 114
110 115
110 118
110 196
110 197
110 198
111 115
111 196
111 198
112 116
112 167
112 170
112 171
113 117
113 164
114 118
114 197
114 198
115 119
115 120
115 163
115 167
116 120
116 121
116 160
116 163
116 164
116 167
117 121
117 133
117 135
117 136
117 164
118 122
118 133
118 136
118 197
118 198
118 199
119 123
119 133
119 157
119 158
119 159
119 163
119 166
120 133
120 134
120 154
120 158
120 159
120 160
120 163
121 132
121 133
121 134
121 135
122 131
122 132
122 133
122 134
122 153
122 154
122 155
122 157
122 158
122 166
123 130
123 131
123 132
123 133
123 134
123 139
123 142
123 143
123 152
123 153
123 154
124 129
124 130
124 131
124 132
124 151
124 152
124 153
124 154
124 155
124 158
125 129
125 130
125 132
125 145
125 148
125 150
125 151
125 152
126 151
126 152
126 153
127 150
128 145
129 155
130 145
130 146
130 147
130 148
130 152
131 137
131 155
131 158
132 137
132 138
132 139
132 144
132 145
132 146
132 147
132 152
133 137
133 138
133 139
134 138
134 139
134 142
136 201
137 201
138 142
138 146
139 143
139 144
139 146
139 152
140 146
141 146
141 152
142 151
143 150
143 151
143 152
144 149
144 150
144 151
144 152
145 149
145 150
145 151
145 152
153 158
154 158
155 159
155 166
156 162
157 162
157 163
157 166
158 163
158 166
159 163
159 164
159 166
160 164
160 165
161 165
162 166
163 167
164 168
165 169
165 170
166 170
167 171
168 172
169 173
169 174
170 174
170 175
170 176
170 178
171 175
171 176
172 176
173 177
174 178
175 179
176 180
177 181
177 182
177 192
178 182
178 192
178 194
179 183
180 184
181 185
181 190
181 192
182 186
182 192
183 187
183 189
184 188
184 189
184 190
185 189
185 190
185 191
185 192
193 211
194 211
195 204
195 207
195 208
195 211
196 204
196 207
197 204
199 203
199 204
199 207
200 204
201 205
202 206
203 207
203 210
204 208
205 209
206 210
207 211
208 212
208 213
209 213
